
adjective <- c(
  "\u738b\u724c",
  "\u53ef\u7231",
  "\u60ca\u4eba",
  "\u60ca\u4eba\u7684",
  "\u4ee4\u4eba\u9707\u60ca",
  "\u4ee4\u4eba\u656c\u754f",
  "\u771f\u68d2",
  "\u4eba\u624d",
  "\u574f\u86cb",
  "\u7f8e\u4e3d",
  "\u4ee4\u4eba\u773c\u82b1\u7f2d\u4e71",
  "\u6700\u4f73",
  ",bravissimo",
  "\u4ee4\u4eba\u53f9\u4e3a\u89c2\u6b62",
  "\u6700\u4eae",
  "\u8f89\u714c",
  "\u8ff7\u4eba",
  "\u806a\u660e",
  "\u522b\u81f4",
  "\u4f18\u96c5\u7684",
  "\u806a\u660e",
  "\u9177",
  "\u567c\u91cc\u556a\u5566",
  "\u53ef\u7231",
  "\u82b1\u82b1\u516c\u5b50",
  "\u8000\u773c",
  "\u7cbe\u81f4",
  "\u597d\u5403",
  "\u4ee4\u4eba\u6109\u5feb",
  "\u4e0e\u4f17\u4e0d\u540c",
  "\u795e\u5723\u7684",
  "\u6d82\u6599",
  "\u4f18\u96c5",
  "\u53f2\u8bd7",
  "\u4f18\u79c0",
  "\u72ec\u5bb6",
  "\u7279\u6b8a",
  "\u523a\u6fc0",
  "\u7cbe\u81f4",
  "\u975e\u51e1",
  "\u7f8e\u5999\u7684",
  "\u82b1\u54e8",
  "\u592a\u68d2\u4e86",
  "niubi!",
  "\u5947\u5e7b",
  "\u8ff7\u4eba\u7684",
  "\u597d",
  "\u6700\u597d\u7684",
  "\u5934\u7b49\u8231",
  "\u4e00\u6d41",
  "\u5b8c\u7f8e\u65e0\u7455",
  "\u5389\u5bb3",
  ",funkadelic",
  "\u51e0\u4f55",
  "\u5149\u8363",
  "\u7c97\u66b4",
  "\u597d",
  "\u597d\u770b",
  "\u534e\u4e3d",
  "\u5927",
  "\u4f1f\u5927",
  "\u65f6\u9ae6\u7684",
  "\u5f00\u521b\u6027\u7684",
  "\u81c0\u90e8",
  "\u70ed",
  "\u65e0\u5fe7\u65e0\u8651",
  "\u65e0\u53ef\u6311\u5254",
  "\u4ee4\u4eba\u5370\u8c61\u6df1\u523b",
  "\u4e0d\u53ef\u601d\u8bae",
  "\u4e0d\u53ef\u6297\u62d2",
  "\u53ea\u662f\u54c7",
  "\u9177\u6bd9\u4e86",
  "\u6c2a\u661f\u4eba",
  "\u503c\u5f97\u79f0\u9053",
  "\u4f20\u5947",
  "\u53ef\u7231",
  "\u53d1\u5149\u7684",
  "\u5b8f\u4f1f",
  "\u58ee\u89c2",
  "\u5a01\u6b66",
  "\u4e86\u4e0d\u8d77",
  "\u6570\u5b66",
  "\u91d1\u5c5e",
  "\u4ee4\u4eba\u9707\u60ca",
  "\u4e0d\u9519",
  "\u6574\u6d01",
  "\u4e0d\u9519",
  "\u4f18\u79c0",
  "\u7279\u522b",
  "\u6843\u8272",
  "\u5947\u7279",
  "\u5b8c\u7f8e",
  "\u60ca\u4eba",
  "\u5f00\u62d3\u6027",
  "\u629b\u5149",
  "\u65f6\u9ae6",
  "\u503c\u5f97\u79f0\u8d5e",
  "\u6ea2\u4ef7",
  "\u65e0\u4ef7",
  "\u795e\u4e00\u6837\u7684",
  "yyds",
  "\u9002\u5f53",
  "\u96f7\u8fbe",
  "\u6fc0\u8fdb",
  "\u4e86\u4e0d\u8d77",
  "\u94c6\u8db3\u4e86\u52b2",
  ",rockandroll",
  "\u6447\u6eda",
  "\u8038\u4eba\u542c\u95fb",
  "\u9510\u5229",
  "\u95ea\u4eae",
  "\u5149\u6ed1",
  "\u806a\u660e",
  "\u7838",
  "\u56fa\u4f53",
  "\u7279\u522b",
  "\u58ee\u89c2",
  "\u84ec\u835c\u751f\u8f89",
  "\u707f\u70c2\u7684\u6d82\u9e26",
  "\u707f\u70c2",
  "\u707f\u70c2",
  "\u6052\u661f",
  "\u5f15\u4eba\u6ce8\u76ee",
  ",stonking",
  "\u60ca\u8273",
  "\u4ee4\u4eba\u9707\u60ca",
  "\u60ca\u4eba\u7684",
  "\u65f6\u5c1a",
  "\u5d07\u9ad8",
  ",supah",
  "\u8d85\u7ea7",
  "\u8d85\u7ea7\u5927\u6237",
  "\u8d85\u7ea7\u4f18\u79c0",
  "\u8d85\u7ea7\u597d",
  "\u6781\u54c1",
  "\u4e0a\u7ea7",
  "\u6700\u9ad8",
  "\u751c\u871c",
  "\u6700\u751c\u871c",
  "\u81a8\u80c0",
  "\u4e86\u4e0d\u8d77",
  ",tiptop",
  "\u4e00\u6d41\u7684",
  "\u8d85\u51e1",
  "\u5de8\u5927\u7684",
  "\u7ba1\u72b6",
  "\u7ec8\u6781",
  "\u72ec\u7279",
  "\u4e0d\u53ef\u601d\u8bae",
  "\u865a\u5e7b",
  "\u5236\u4f5c\u7cbe\u826f",
  "\u90aa\u6076",
  "\u806a\u660e",
  "\u7cbe\u5f69",
  "\u5947\u5999\u7684",
  "\u4e16\u754c\u7ea7"
)
# library(tidyverse)
# (stri_escape_unicode(adjective) %>% data.frame)[,1] %>% write.csv(",transfed1.txt",)
# stri_escape_unicode("你他娘的真是")
pre_text = stringi::stri_unescape_unicode("\\u4f60\\u4ed6\\u5a18\\u7684\\u771f\\u662f")
